0.858407
0.858407
0.858407
0.141593
0.0584073
0.191737
0.286977
0.358407
0.413967
0.0584073
0.131137
0.191737
0.243027
0.286977
0.0584073
0.141593
0.0827727
0.0304827
0.0162973
0.0584073
0.0939727
0.232503
0.185073
0.308263
0.261593
0.218513
0.178633
0.141593
0.245043
0.208263
0.173853
0.266593
0.232503
0.200413
0.170163
0.141593
0.114563
0.0889627
0.0646727
0.0415927
0.0196427
0.0939727
0.164853
0.141593
0.208263
0.185073
0.162873
0.224923
0.202813
0.181593
0.161203
0.141593
0.122723
0.178633
0.159773
0.141593
0.124053
0.107113
0.0907427
0.0749227
0.0596227
0.0448227
0.0304827
0.0165927
0.00313265
0.00992735
0.0225873
0.0239427
0.0111627
0.00126735
0.0430027
0.0304827
0.0731027
0.0605127
0.0482627
0.0363327
0.0247127
0.0133827
0.00235265
0.00840735
0.0304827
0.0196427
0.00906265
0.00126735
0.0113473
0.0211973
0.0308173
0.0402273
0.0494173
0.0139673
0.0232473
0.0323173
0.0412073
0.0498973
0.0584073
0.0667373
0.0336673
0.0420773
0.0503273
0.0584073
0.0663273
0.0740973
0.0817073
0.0891773
0.0965073
0.103687
0.110747
0.0806273
0.0877673
0.0584073
0.0656173
0.0726973
0.0442473
0.0162973
0.0236273
0.0308173
0.0378973
0.0448473
0.0180673
0.0250773
0.0319573
0.00594735
0.0128773
0.0125627
0.0375927
0.0304827
0.0234827
0.0478427
0.0408127
0.0339027
0.0270927
0.0203827
0.0137727
0.00726265
0.0304827
0.0239427
0.0175027
0.0111627
0.00490265
0.00126735
0.00734735
0.0133373
0.00872265
0.00270265
0.00323735
0.00908735
0.0123427
0.00645265
0.000652654
0.00507735
0.0107273
0.0162973
0.00434265
0.00126735
0.0190127
0.0133827
0.00783265
0.00235265
0.00305735
0.00840735
0.0136873
0.0188973
0.0240473
0.0291373
0.00992735
0.0150373
0.0200873
0.0250773
0.0300073
0.0348773
0.0396973
0.0444573
0.0491573
0.0538073
0.0584073
0.0402273
0.0448473
0.0494173
0.0539373
0.0584073
0.0407273
0.0452173
0.0496673
0.0540573
0.0367873
0.0412073
0.0455773
0.0498973
0.0541773
0.0584073
0.0625973
0.0667373
0.0708473
0.0748973
0.0789173
0.0828973
0.0868373
0.0907273
0.0945873
0.0984073
0.0822873
0.0861273
0.0899373
0.0936973
0.0974273
0.101127
0.104787
0.0891773
0.0928573
0.0965073
0.100117
0.103687
0.107237
0.0920473
0.0956173
0.0991473
0.102647
0.106117
0.109547
0.112957
0.0982273
0.0836373
0.0871073
0.0905473
0.0939673
0.0973473
0.100697
0.0864773
0.0723773
0.0757973
0.0791873
0.0825473
0.0687073
0.0720873
0.0754273
0.0787473
0.0820373
0.0852973
0.0717973
0.0584073
0.0617273
0.0650173
0.0682873
0.0715173
0.0747373
0.0779173
0.0810773
0.0842173
0.0873273
0.0744073
0.0775273
0.0647573
0.0678973
0.0710073
0.0584073
0.0615373
0.0646373
0.0677073
0.0707673
0.0584073
0.0614773
0.0645173
0.0675373
0.0705273
0.0734973
0.0764573
0.0793773
0.0822873
0.0851773
0.0880373
0.0908773
0.0789973
0.0818473
0.0700873
0.0729573
0.0757973
0.0786273
0.0670373
0.0698773
0.0726973
0.0754873
0.0782673
0.0810173
0.0837573
0.0724473
0.0751873
0.0779173
0.0667373
0.0556373
0.0584073
0.0474073
0.0501873
0.0529473
0.0420773
0.0448473
0.0340873
0.0368573
0.0261973
0.0155973
0.0184073
0.00790735
0.0107273
0.0135273
0.0162973
0.0190673
0.0218073
0.0114973
0.0142473
0.0169873
0.0196973
0.0223973
0.0122573
0.0149573
0.0176473
0.0203073
0.0103073
0.0129773
0.00305735
0.00679265
0.0165927
0.0263327
0.0235827
0.0208527
0.0181327
0.0277427
0.0373027
0.0467927
0.0440327
0.0412927
0.0385627
0.0479327
0.0452027
0.0424927
0.0397927
0.0371127
0.0344527
0.0318027
0.0410027
0.0383527
0.0357127
0.0330927
0.0304827
0.0278927
0.0253127
0.0227527
0.0202027
0.0176727
0.0151527
0.0126527
0.0101627
0.00769265
0.00523265
0.00278265
0.000352654
0.00920265
0.00676265
0.00434265
0.00193265
0.0106727
0.00826265
0.00586265
0.00347265
0.00109265
0.00126735
0.00361735
0.00594735
0.00826735
0.0105773
0.0128773
0.0151673
0.00665735
0.00894735
0.0112273
0.0134873
0.0157373
0.00734735
0.00959735
0.0118473
0.0140773
0.0162973
0.0185073
0.0207073
0.0228973
0.0146573
0.0168473
0.0190273
0.0211973
0.0130473
0.0152173
0.00712735
0.00930735
0.0114673
0.0136273
0.0157673
0.0178973
0.0200273
0.0120573
0.0141873
0.00627735
0.00159265
0.000547346
0.00726265
0.00511265
0.00298265
0.000852654
0.00126735
0.00336735
0.00546735
0.00754735
0.00962735
0.0116873
0.00403735
0.00610735
0.00816735
0.0102173
0.0122573
0.0142873
0.00673735
0.00876735
0.0107873
0.0127973
0.0148073
0.0167973
0.00934735
0.0113473
0.0133373
0.0153173
0.0172873
0.0192473
0.0211973
0.0231373
0.0250773
0.0269973
0.0289173
0.0308173
0.0327173
0.0346073
0.0364873
0.0292473
0.0311373
0.0239373
0.0258273
0.0277073
0.0295773
0.0314373
0.0243273
0.0261973
0.0280473
0.0298973
0.0317373
0.0335773
0.0353973
0.0372173
0.0302173
0.0232473
0.0250773
0.0268973
0.0287173
0.0218073
0.0236273
0.0254373
0.0272373
0.0290373
0.0308173
0.0325973
0.0343773
0.0361373
0.0378973
0.0396473
0.0413873
0.0431173
0.0448473
0.0465673
0.0482773
0.0415673
0.0432773
0.0366073
0.0383273
0.0400373
0.0417373
0.0351273
0.0368273
0.0385273
0.0402273
0.0419173
0.0435973
0.0452673
0.0469273
0.0404073
0.0420773
0.0437473
0.0453973
0.0470473
0.0486873
0.0503273
0.0438873
0.0374773
0.0391273
0.0407673
0.0424073
0.0440373
0.0456573
0.0472773
0.0488873
0.0504873
0.0520873
0.0536773
0.0552573
0.0489773
0.0505673
0.0521473
0.0459073
0.0474873
0.0490673
0.0506373
0.0522073
0.0537673
0.0553173
0.0491573
0.0507173
0.0522673
0.0538073
0.0553473
0.0568773
0.0584073
0.0599273
0.0614473
0.0553773
0.0568973
0.0584073
0.0599173
0.0614173
0.0554073
0.0494173
0.0509273
0.0524373
0.0539373
0.0479973
0.0494973
0.0509973
0.0450973
0.0465973
0.0480973
0.0495873
0.0510673
0.0525473
0.0467073
0.0481873
0.0496673
0.0438573
0.0453373
0.0395673
0.0410473
0.0353073
0.0367873
0.0382673
0.0325573
0.0340373
0.0355073
0.0369773
0.0384473
0.0398973
0.0342473
0.0357073
0.0371673
0.0386173
0.0400673
0.0415073
0.0359073
0.0303373
0.0247773
0.0262373
0.0276873
0.0291373
0.0236273
0.0250773
0.0265173
0.0210373
0.0224873
0.0170273
0.0184773
0.0199173
0.0213573
0.0227873
0.0242173
0.0256473
0.0270573
0.0284773
0.0298873
0.0312873
0.0326873
0.0340873
0.0354773
0.0368573
0.0382373
0.0396173
0.0409873
0.0423573
0.0437173
0.0384073
0.0397673
0.0344873
0.0358573
0.0372173
0.0385773
0.0399273
0.0412773
0.0426173
0.0439573
0.0387373
0.0400773
0.0414173
0.0427473
0.0440773
0.0453973
0.0402273
0.0415473
0.0428773
0.0441873
0.0455073
0.0468173
0.0481173
0.0494173
0.0507173
0.0520073
0.0532973
0.0481973
0.0494873
0.0444173
0.0457073
0.0469973
0.0482773
0.0495573
0.0508373
0.0458073
0.0470873
0.0483573
0.0496273
0.0508973
0.0521573
0.0534173
0.0546673
0.0559173
0.0571673
0.0584073
0.0596473
0.0608773
0.0621073
0.0571773
0.0584073
0.0596373
0.0547273
0.0559573
0.0510673
0.0522973
0.0474273
0.0486673
0.0498973
0.0511273
0.0523473
0.0535673
0.0487373
0.0499573
0.0451573
0.0403573
0.0355873
0.0308173
0.0320573
0.0273173
0.0285573
0.0238273
0.0250773
0.0263073
0.0275473
0.0287773
0.0300073
0.0312273
0.0324473
0.0336673
0.0348773
0.0360873
0.0372973
0.0384973
0.0396973
0.0350473
0.0362473
0.0374473
0.0386373
0.0398273
0.0352173
0.0364073
0.0375973
0.0387873
0.0399673
0.0411373
0.0423173
0.0434873
0.0389273
0.0400973
0.0355473
0.0367273
0.0321973
0.0333673
0.0345473
0.0357073
0.0312073
0.0323773
0.0335473
0.0347073
0.0358673
0.0370273
0.0381873
0.0393373
0.0404773
0.0416273
0.0427673
0.0439073
0.0450373
0.0461673
0.0472973
0.0484173
0.0495473
0.0506573
0.0462573
0.0473773
0.0484873
0.0440973
0.0452173
0.0463373
0.0474473
0.0485573
0.0496673
0.0507673
0.0518673
0.0529673
0.0540573
0.0551473
0.0562373
0.0573273
0.0584073
0.0594873
0.0605673
0.0616373
0.0627073
0.0637773
0.0648373
0.0659073
0.0616173
0.0626773
0.0584073
0.0541473
0.0498973
0.0509673
0.0520373
0.0531073
0.0541773
0.0552373
0.0562973
0.0573573
0.0584073
0.0594573
0.0605073
0.0615573
0.0625973
0.0636373
0.0646773
0.0657073
0.0667373
0.0677673
0.0687973
0.0698173
0.0708473
0.0718573
0.0728773
0.0738873
0.0697473
0.0707673
0.0717773
0.0727873
0.0737873
0.0747973
0.0757973
0.0767973
0.0777973
0.0787873
0.0797773
0.0756873
0.0766773
0.0726073
0.0735973
0.0745873
0.0755773
0.0765673
0.0775473
0.0785373
0.0744873
0.0754673
0.0764573
0.0724273
0.0684073
0.0693973
0.0703773
0.0663773
0.0673673
0.0683473
0.0693273
0.0703073
0.0712773
0.0722473
0.0732173
0.0692573
0.0702273
0.0711973
0.0721673
0.0731273
0.0691873
0.0701573
0.0711173
0.0720873
0.0730373
0.0691273
0.0652173
0.0661873
0.0671473
0.0681073
0.0690573
0.0651773
0.0661373
0.0670973
0.0680473
0.0689973
0.0699473
0.0708873
0.0718373
0.0727773
0.0737173
0.0746573
0.0755873
0.0717573
0.0679273
0.0688673
0.0698073
0.0707473
0.0716773
0.0726073
0.0735373
0.0744673
0.0753873
0.0763073
0.0772273
0.0781473
0.0790673
0.0799773
0.0808873
0.0817973
0.0780373
0.0789473
0.0798573
0.0807573
0.0816673
0.0779173
0.0741873
0.0750973
0.0713673
0.0722773
0.0731873
0.0694773
0.0657773
0.0620873
0.0630073
0.0639173
0.0648273
0.0657373
0.0666473
0.0675473
0.0638873
0.0647973
0.0656973
0.0665973
0.0674973
0.0683973
0.0692873
0.0701873
0.0710773
0.0719673
0.0728573
0.0737373
0.0746273
0.0755073
0.0763873
0.0772673
0.0781373
0.0790073
0.0798873
0.0807573
0.0816173
0.0824873
0.0833473
0.0842173
0.0850773
0.0859273
0.0823573
0.0832173
0.0796473
0.0805073
0.0769473
0.0778073
0.0786673
0.0795273
0.0759873
0.0768473
0.0777073
0.0785573
0.0794173
0.0802673
0.0811173
0.0819673
0.0828073
0.0836473
0.0844973
0.0853373
0.0861773
0.0826773
0.0835173
0.0843573
0.0851873
0.0860273
0.0868573
0.0876873
0.0885173
0.0850473
0.0858773
0.0824173
0.0832473
0.0840773
0.0849073
0.0814573
0.0822873
0.0788573
0.0796873
0.0805073
0.0813373
0.0821573
0.0787473
0.0753373
0.0761673
0.0769973
0.0778173
0.0744273
0.0752473
0.0760773
0.0768973
0.0777173
0.0785373
0.0793473
0.0801673
0.0809773
0.0817873
0.0825973
0.0834073
0.0842173
0.0850173
0.0858173
0.0866273
0.0874273
0.0882173
0.0890173
0.0898073
0.0906073
0.0913973
0.0921873
0.0929773
0.0937573
0.0945473
0.0953273
0.0961073
0.0927973
0.0894873
0.0902773
0.0910573
0.0918473
0.0926273
0.0933973
0.0941773
0.0908973
0.0916773
0.0924473
0.0891773
0.0899573
0.0866873
0.0874673
0.0882473
0.0849973
0.0857673
0.0865473
0.0873273
0.0840873
0.0848573
0.0856373
0.0864073
0.0871773
0.0879473
0.0887173
0.0854973
0.0862673
0.0870373
0.0877973
0.0845973
0.0853673
0.0861273
0.0868973
0.0837073
0.0844673
0.0812873
0.0820573
0.0828173
0.0835773
0.0843373
0.0850973
0.0858573
0.0866173
0.0873673
0.0881273
0.0888773
0.0857273
0.0864773
0.0872273
0.0879773
0.0887273
0.0894773
0.0902173
0.0909673
0.0917073
0.0924473
0.0931873
0.0939273
0.0946673
0.0953973
0.0961373
0.0968673
0.0975973
0.0944873
0.0952273
0.0921273
0.0928573
0.0935873
0.0904973
0.0912273
0.0919673
0.0926973
0.0934173
0.0941473
0.0910773
0.0918073
0.0925273
0.0932573
0.0901973
0.0909173
0.0878673
0.0885973
0.0893173
0.0900473
0.0907673
0.0914873
0.0922073
0.0929273
0.0936473
0.0943673
0.0913373
0.0920473
0.0927673
0.0934773
0.0904673
0.0874573
0.0881773
0.0888873
0.0858873
0.0866073
0.0836173
0.0806273
0.0813473
0.0783673
0.0790873
0.0798073
0.0805273
0.0812473
0.0782773
0.0789973
0.0797073
0.0804273
0.0811373
0.0818473
0.0825573
0.0796173
0.0803273
0.0810373
0.0817473
0.0824473
0.0831573
0.0838573
0.0845673
0.0852673
0.0859673
0.0830473
0.0801273
0.0808273
0.0815373
0.0822373
0.0829373
0.0800273
0.0807273
0.0814273
0.0821273
0.0828273
0.0835173
0.0842173
0.0849073
0.0855973
0.0862873
0.0869773
0.0876673
0.0883573
0.0890373
0.0897273
0.0904073
0.0910873
0.0917673
0.0924473
0.0931273
0.0938073
0.0909473
0.0916273
0.0922973
0.0894473
0.0901273
0.0872773
0.0879573
0.0851173
0.0857973
0.0864773
0.0871573
0.0878273
0.0850073
0.0856773
0.0863573
0.0870273
0.0876973
0.0883773
0.0855573
0.0862373
0.0834273
0.0806273
0.0778373
0.0785073
0.0791873
0.0798573
0.0805373
0.0812073
0.0784273
0.0790973
0.0763273
0.0769973
0.0776673
0.0783373
0.0790073
0.0762473
0.0769173
0.0775873
0.0782573
0.0789173
0.0761673
0.0768373
0.0775073
0.0781673
0.0788373
0.0794973
0.0801573
0.0774273
0.0746873
0.0753573
0.0760173
0.0766773
0.0773373
0.0746273
0.0719073
0.0691973
0.0664973
0.0637973
0.0610973
0.0584073
0.0590773
0.0597473
0.0570673
0.0577373
0.0550573
0.0557273
0.0563973
0.0570673
0.0577373
0.0584073
0.0590773
0.0597373
0.0604073
0.0610673
0.0617273
0.0590673
0.0597373
0.0603973
0.0610573
0.0617173
0.0623673
0.0630273
0.0636873
0.0643373
0.0649873
0.0656473
0.0662973
0.0669473
0.0643173
0.0649673
0.0656173
0.0662673
0.0636373
0.0642873
0.0616773
0.0590573
0.0597073
0.0571073
0.0577573
0.0584073
0.0558073
0.0564573
0.0571073
0.0577573
0.0584073
0.0558173
0.0564673
0.0571173
0.0577573
0.0584073
0.0590473
0.0596973
0.0603373
0.0609773
0.0584073
0.0558373
0.0532773
0.0539173
0.0545673
0.0552073
0.0526473
0.0532973
0.0539373
0.0545773
0.0552173
0.0558573
0.0564973
0.0571373
0.0577673
0.0584073
0.0590373
0.0596773
0.0603073
0.0609373
0.0615673
0.0590373
0.0596673
0.0602973
0.0609273
0.0615573
0.0621873
0.0628073
0.0634373
0.0640573
0.0646773
0.0653073
0.0659273
0.0665473
0.0671673
0.0677873
0.0683973
0.0690173
0.0696273
0.0671273
0.0646373
0.0652473
0.0658673
0.0664773
0.0670973
0.0646073
0.0652273
0.0658373
0.0664473
0.0639673
0.0645873
0.0651973
0.0658073
0.0633373
0.0639473
0.0614873
0.0590173
0.0596373
0.0571773
0.0577973
0.0553373
0.0559573
0.0565673
0.0571873
0.0547373
0.0553573
0.0559673
0.0535273
0.0541373
0.0547573
0.0523273
0.0529373
0.0535473
0.0511273
0.0487073
0.0462873
0.0438773
0.0444873
0.0420773
0.0426973
0.0433173
0.0439273
0.0415273
0.0421373
0.0427573
0.0403573
0.0409773
0.0385873
0.0361973
0.0338173
0.0344373
0.0350573
0.0356673
0.0332973
0.0309273
0.0315373
0.0321573
0.0327773
0.0304073
0.0310273
0.0316373
0.0322573
0.0328673
0.0334773
0.0340973
0.0317373
0.0293873
0.0300073
0.0306173
0.0312273
0.0318373
0.0324473
0.0330573
0.0336673
0.0342673
0.0348773
0.0354873
0.0360873
0.0366873
0.0372973
0.0378973
0.0384973
0.0390973
0.0367673
0.0373673
0.0379673
0.0385673
0.0391673
0.0397573
0.0403573
0.0409573
0.0415473
0.0392373
0.0398273
0.0404273
0.0410173
0.0416073
0.0421973
0.0427873
0.0433773
0.0439673
0.0445573
0.0451373
0.0428473
0.0434373
0.0440173
0.0417273
0.0423173
0.0400273
0.0406173
0.0383373
0.0389273
0.0395073
0.0400973
0.0378173
0.0384073
0.0389973
0.0367273
0.0373073
0.0378973
0.0384773
0.0390573
0.0367973
0.0373873
0.0379673
0.0385473
0.0391273
0.0397073
0.0402873
0.0408673
0.0386173
0.0391973
0.0369573
0.0375373
0.0381073
0.0386873
0.0364473
0.0370273
0.0376073
0.0381873
0.0387573
0.0393373
0.0371073
0.0376773
0.0354573
0.0360273
0.0366073
0.0343873
0.0349573
0.0327473
0.0333173
0.0338973
0.0344673
0.0322573
0.0328373
0.0334073
0.0339773
0.0345473
0.0351273
0.0356973
0.0362573
0.0368273
0.0373973
0.0379673
0.0385273
0.0363373
0.0341473
0.0347173
0.0325273
0.0330973
0.0336673
0.0342273
0.0320473
0.0326173
0.0331873
0.0337473
0.0343173
0.0348773
0.0327073
0.0305373
0.0311073
0.0316673
0.0322273
0.0327973
0.0333573
0.0339173
0.0344773
0.0350373
0.0355973
0.0361573
0.0367173
0.0372673
0.0378273
0.0383773
0.0389373
0.0367873
0.0373373
0.0351973
0.0357473
0.0363073
0.0368573
0.0347173
0.0352773
0.0358273
0.0363773
0.0369273
0.0374773
0.0353473
0.0332273
0.0337773
0.0343273
0.0348773
0.0354273
0.0359773
0.0365273
0.0344073
0.0322873
0.0328373
0.0333873
0.0339373
0.0344873
0.0350373
0.0355773
0.0361273
0.0366673
0.0372173
0.0377573
0.0382973
0.0388473
0.0393873
0.0372873
0.0351873
0.0357273
0.0362773
0.0368173
0.0347273
0.0352673
0.0358073
0.0337173
0.0316373
0.0321773
0.0300973
0.0306373
0.0285673
0.0291073
0.0296473
0.0301873
0.0307273
0.0286573
0.0292073
0.0271373
0.0276773
0.0282173
0.0287573
0.0266973
0.0272373
0.0277773
0.0283173
0.0288573
0.0293873
0.0299273
0.0304673
0.0309973
0.0289473
0.0294873
0.0300173
0.0305573
0.0310873
0.0316173
0.0295773
0.0275373
0.0280773
0.0286073
0.0265673
0.0271073
0.0276373
0.0281673
0.0286973
0.0292373
0.0297673
0.0302873
0.0282673
0.0287973
0.0293273
0.0273073
0.0278373
0.0283673
0.0288873
0.0294173
0.0299473
0.0304673
0.0309973
0.0315173
0.0320473
0.0300373
0.0280273
0.0285573
0.0290773
0.0295973
0.0301273
0.0306473
0.0311673
0.0291673
0.0296873
0.0302173
0.0307373
0.0312573
0.0292573
0.0297773
0.0302973
0.0308173
0.0313373
0.0318573
0.0323773
0.0328873
0.0309073
0.0314273
0.0319373
0.0299573
0.0279873
0.0284973
0.0290173
0.0270473
0.0250773
0.0255873
0.0261073
0.0241473
0.0221773
0.0226973
0.0232173
0.0237373
0.0217773
0.0222873
0.0203373
0.0183873
0.0164273
0.0169473
0.0174673
0.0179873
0.0185073
0.0190273
0.0195373
0.0175973
0.0181173
0.0161773
0.0166873
0.0147573
0.0152673
0.0133373
0.0138573
0.0143673
0.0148873
0.0153973
0.0159173
0.0139873
0.0120673
0.0125773
0.0106573
0.0111773
0.0116873
0.0122073
0.0127173
0.0132373
0.0137473
0.0142573
0.0147673
0.0152773
0.0157873
0.0162973
0.0168073
0.0173173
0.0154073
0.0159173
0.0164273
0.0169373
0.0174473
0.0179473
0.0184573
0.0189573
0.0194673
0.0199673
0.0204673
0.0209773
0.0214773
0.0219773
0.0224773
0.0205873
0.0210873
0.0215873
0.0196973
0.0201973
0.0206973
0.0211973
0.0193173
0.0198173
0.0203073
0.0184273
0.0165573
0.0170573
0.0175473
0.0156773
0.0161773
0.0166773
0.0171773
0.0176773
0.0181673
0.0186673
0.0167973
0.0172973
0.0177973
0.0182873
0.0164273
0.0169273
0.0174173
0.0179173
0.0184073
